iter: 1
K_plus = 16, L_plus = 46, a = 0.244212, b = 0.959513, nuep = -0.386623, sigmaw = 1.005549 
iter: 2

